image_width: 1280
image_height: 1024
camera_name: narrow_stereo
camera_matrix:
  rows: 3
  cols: 3
  data: [1276.962010466119, 0.0, 641.8845883780585, 0.0, 1279.1222071957286, 549.2096840835877, 0.0, 0.0, 1.0]
distortion_model: plumb_bob
distortion_coefficients:
  rows: 1
  cols: 5
  data: [-0.2122321437369232, 0.12421588942436923, 9.026528598041024e-05, -0.0011027157526550156, 0.0]
rectification_matrix:
  rows: 3
  cols: 3
  data: [1.0, 0.0, 0.0, 0.0, 1.0, 0.0, 0.0, 0.0, 1.0]
projection_matrix:
  rows: 3
  cols: 4
  data: [1212.746826171875, 0.0, 640.2724924740323, 0.0, 0.0, 1235.476318359375, 551.096274292664, 0.0, 0.0, 0.0, 1.0, 0.0]
