image_width: 1280
image_height: 1024
camera_name: narrow_stereo
camera_matrix:
  rows: 3
  cols: 3
  data: [1274.2132994331973, 0.0, 625.65824201088, 0.0, 1274.9527648661797, 508.85957585599414, 0.0, 0.0, 1.0]
distortion_model: plumb_bob
distortion_coefficients:
  rows: 1
  cols: 5
  data: [-0.2159994486078361, 0.20343564492407668, -0.002684680978839681, -0.0017414951538151989, 0.0]
rectification_matrix:
  rows: 3
  cols: 3
  data: [1.0, 0.0, 0.0, 0.0, 1.0, 0.0, 0.0, 0.0, 1.0]
projection_matrix:
  rows: 3
  cols: 4
  data: [1216.781494140625, 0.0, 622.3048273116874, 0.0, 0.0, 1233.91064453125, 506.3316964411206, 0.0, 0.0, 0.0, 1.0, 0.0]
